Camera:
  Position: [-4.60348511, 2.41400599, 5.17261791]
  At: [-3.94406271, 2.14445257, 4.60471725]