HDRIFilePath: C:\Users\stjae\Downloads\dikhololo_night_4k.hdr
PointLights:
  - Transform: [[1, 0, 0, 0], [0, 1, 0, 0], [0, 0, 1, 0], [0, 0, 0, 1]]
    Position: [0, 0, 0]
    Color: [1, 1, 1]
Camera:
  Position: [-4.60348511, 2.41400599, 5.17261791]
  At: [-3.94406271, 2.14445257, 4.60471725]
Resources:
  - FilePath: C:\Users\stjae\Desktop\cube.fbx
  - FilePath: C:\Users\stjae\dev\repo\glTF-Sample-Models\2.0\SciFiHelmet\glTF\SciFiHelmet.gltf
Meshes:
  - Instances:
      - ID: 0
        MeshID: 0
        Transform: [[4.17017412, 2.82024121, 0, 0], [-0.207313821, 0.30654639, 0, 0], [0, 0, 5.03429985, 0], [2.66222143, -0.877937853, 0, 1]]
        InvTranspose: [[0.164542124, 0.111277968, 0, -0], [-1.51379538, 2.23838639, -0, 0], [0, -0, 0.198637351, -0], [-0, 0, -0, 0.99999994]]
        Albedo: [1, 1, 1]
        Metallic: 0
        Roughness: 1
  - Instances:
      - ID: 0
        MeshID: 1
        Transform: [[0.298625112, 0, 0.709734201, 0], [0, 0.769999921, 0, 0], [-0.709734201, 0, 0.298625112, 0], [1.19196987, 0, -3.90997458, 1]]
        InvTranspose: [[0.503668964, -0, 1.19705629, -0], [-0, 1.29870141, -0, 0], [-1.19705629, -0, 0.503668964, -0], [-0, 0, -0, 1]]
        Albedo: [0.5, 0.5, 0.5]
        Metallic: 0
        Roughness: 1